[0, 0, 0, 0, 0, 1, 0, 0], [0, 0, 1, 0, 1, 0, 1, 0], [0, 0, 1, 0, 1, 0, 1, 0], [0, 0, 1, 0, 1, 0, 1, 0], [0, 0, 0, 1, 1, 1, 1, 0]
[1, 1, 1, 1, 1, 1, 1, 0], [0, 0, 0, 1, 0, 0, 1, 0], [0, 0, 1, 0, 0, 0, 1, 0], [0, 0, 1, 0, 0, 0, 1, 0], [0, 0, 0, 1, 1, 1, 0, 0]
[0, 0, 0, 1, 1, 1, 0, 0], [0, 0, 1, 0, 0, 0, 1, 0], [0, 0, 1, 0, 0, 0, 1, 0], [0, 0, 1, 0, 0, 0, 1, 0], [0, 0, 0, 1, 0, 1, 0, 0]
[0, 0, 0, 1, 1, 1, 0, 0], [0, 0, 1, 0, 0, 0, 1, 0], [0, 0, 1, 0, 0, 0, 1, 0], [0, 0, 0, 1, 0, 0, 1, 0], [1, 1, 1, 1, 1, 1, 1, 0]
[0, 0, 0, 1, 1, 1, 0, 0], [0, 0, 1, 0, 1, 0, 1, 0], [0, 0, 1, 0, 1, 0, 1, 0], [0, 0, 1, 0, 1, 0, 1, 0], [0, 0, 0, 1, 1, 0, 1, 0]
[0, 0, 1, 0, 0, 0, 0, 0], [0, 1, 1, 1, 1, 1, 1, 0], [1, 0, 1, 0, 0, 0, 0, 0], [1, 0, 1, 0, 0, 0, 0, 0]
[0, 0, 0, 1, 1, 0, 0, 1], [0, 0, 1, 0, 0, 1, 0, 1], [0, 0, 1, 0, 0, 1, 0, 1], [0, 0, 1, 0, 0, 1, 0, 1], [0, 0, 1, 1, 1, 1, 1, 0]
[1, 1, 1, 1, 1, 1, 1, 0], [0, 0, 0, 1, 0, 0, 0, 0], [0, 0, 1, 0, 0, 0, 0, 0], [0, 0, 1, 0, 0, 0, 0, 0], [0, 0, 0, 1, 1, 1, 1, 0]
[1, 0, 1, 1, 1, 1, 1, 0]
[0, 0, 0, 0, 0, 1, 1, 0], [0, 0, 0, 0, 0, 0, 0, 1], [0, 0, 0, 0, 0, 0, 0, 1], [0, 0, 0, 0, 0, 0, 0, 1], [1, 0, 1, 1, 1, 1, 1, 0]
[1, 1, 1, 1, 1, 1, 1, 0], [0, 0, 0, 0, 1, 0, 0, 0], [0, 0, 0, 1, 0, 1, 0, 0], [0, 0, 1, 0, 0, 0, 1, 0]
[1, 1, 1, 1, 1, 1, 0, 0], [0, 0, 0, 0, 0, 0, 1, 0]
[0, 0, 1, 1, 1, 1, 1, 0], [0, 0, 1, 0, 0, 0, 0, 0], [0, 0, 0, 1, 1, 0, 0, 0], [0, 0, 1, 0, 0, 0, 0, 0], [0, 0, 0, 1, 1, 1, 1, 0]
[0, 0, 1, 1, 1, 1, 1, 0], [0, 0, 1, 0, 0, 0, 0, 0], [0, 0, 1, 0, 0, 0, 0, 0], [0, 0, 1, 0, 0, 0, 0, 0], [0, 0, 0, 1, 1, 1, 1, 0]
[0, 0, 0, 1, 1, 1, 0, 0], [0, 0, 1, 0, 0, 0, 1, 0], [0, 0, 1, 0, 0, 0, 1, 0], [0, 0, 1, 0, 0, 0, 1, 0], [0, 0, 0, 1, 1, 1, 0, 0]
[0, 0, 1, 1, 1, 1, 1, 1], [0, 0, 0, 1, 0, 1, 0, 0], [0, 0, 1, 0, 0, 1, 0, 0], [0, 0, 1, 0, 0, 1, 0, 0], [0, 0, 0, 1, 1, 0, 0, 0]
[0, 0, 0, 1, 1, 0, 0, 0], [0, 0, 1, 0, 0, 1, 0, 0], [0, 0, 1, 0, 0, 1, 0, 0], [0, 0, 0, 1, 0, 1, 0, 0], [0, 0, 1, 1, 1, 1, 1, 1]
[0, 0, 1, 1, 1, 1, 1, 0], [0, 0, 0, 1, 0, 0, 0, 0], [0, 0, 1, 0, 0, 0, 0, 0], [0, 0, 1, 0, 0, 0, 0, 0], [0, 0, 0, 1, 0, 0, 0, 0]
[0, 0, 0, 1, 0, 0, 1, 0], [0, 0, 1, 0, 1, 0, 1, 0], [0, 0, 1, 0, 1, 0, 1, 0], [0, 0, 1, 0, 1, 0, 1, 0], [0, 0, 1, 0, 0, 1, 0, 0]
[0, 0, 1, 0, 0, 0, 0, 0], [1, 1, 1, 1, 1, 1, 0, 0], [0, 0, 1, 0, 0, 0, 1, 0]
[0, 0, 1, 1, 1, 1, 0, 0], [0, 0, 0, 0, 0, 0, 1, 0], [0, 0, 0, 0, 0, 0, 1, 0], [0, 0, 0, 0, 0, 0, 1, 0], [0, 0, 1, 1, 1, 1, 1, 0]
[0, 0, 1, 1, 1, 0, 0, 0], [0, 0, 0, 0, 0, 1, 0, 0], [0, 0, 0, 0, 0, 0, 1, 0], [0, 0, 0, 0, 0, 1, 0, 0], [0, 0, 1, 1, 1, 0, 0, 0]
[0, 0, 1, 1, 1, 1, 0, 0], [0, 0, 0, 0, 0, 0, 1, 0], [0, 0, 0, 0, 1, 1, 1, 0], [0, 0, 0, 0, 0, 0, 1, 0], [0, 0, 1, 1, 1, 1, 1, 0]
[0, 0, 1, 0, 0, 0, 1, 0], [0, 0, 0, 1, 0, 1, 0, 0], [0, 0, 0, 0, 1, 0, 0, 0], [0, 0, 0, 1, 0, 1, 0, 0], [0, 0, 1, 0, 0, 0, 1, 0]
[0, 0, 1, 1, 1, 0, 0, 1], [0, 0, 0, 0, 0, 1, 0, 1], [0, 0, 0, 0, 0, 1, 0, 1], [0, 0, 0, 0, 0, 1, 0, 1], [0, 0, 1, 1, 1, 1, 1, 0]
[0, 0, 1, 0, 0, 0, 1, 0], [0, 0, 1, 0, 0, 1, 1, 0], [0, 0, 1, 0, 1, 0, 1, 0], [0, 0, 1, 1, 0, 0, 1, 0], [0, 0, 1, 0, 0, 0, 1, 0]
[0, 1, 1, 1, 1, 1, 1, 0], [1, 0, 1, 0, 0, 0, 0, 0], [1, 0, 1, 0, 0, 0, 0, 0], [1, 0, 1, 0, 0, 0, 0, 0], [0, 1, 1, 1, 1, 1, 1, 0]
[1, 1, 1, 1, 1, 1, 1, 0], [1, 0, 1, 0, 0, 0, 1, 0], [1, 0, 1, 0, 0, 0, 1, 0], [1, 0, 1, 0, 0, 0, 1, 0], [0, 1, 0, 1, 1, 1, 0, 0]
[0, 1, 1, 1, 1, 1, 0, 0], [1, 0, 0, 0, 0, 0, 1, 0], [1, 0, 0, 0, 0, 0, 1, 0], [1, 0, 0, 0, 0, 0, 1, 0], [0, 1, 0, 0, 0, 1, 0, 0]
[1, 1, 1, 1, 1, 1, 1, 0], [1, 0, 0, 0, 0, 0, 1, 0], [1, 0, 0, 0, 0, 0, 1, 0], [1, 0, 0, 0, 0, 0, 1, 0], [0, 1, 1, 1, 1, 1, 0, 0]
[1, 1, 1, 1, 1, 1, 1, 0], [1, 0, 1, 0, 0, 0, 1, 0], [1, 0, 1, 0, 0, 0, 1, 0], [1, 0, 0, 0, 0, 0, 1, 0], [1, 0, 0, 0, 0, 0, 1, 0]
[1, 1, 1, 1, 1, 1, 1, 0], [1, 0, 1, 0, 0, 0, 0, 0], [1, 0, 1, 0, 0, 0, 0, 0], [1, 0, 0, 0, 0, 0, 0, 0], [1, 0, 0, 0, 0, 0, 0, 0]
[0, 1, 1, 1, 1, 1, 0, 0], [1, 0, 0, 0, 0, 0, 1, 0], [1, 0, 0, 0, 0, 0, 1, 0], [1, 0, 1, 0, 0, 0, 1, 0], [1, 0, 1, 1, 1, 1, 0, 0]
[1, 1, 1, 1, 1, 1, 1, 0], [0, 0, 1, 0, 0, 0, 0, 0], [0, 0, 1, 0, 0, 0, 0, 0], [0, 0, 1, 0, 0, 0, 0, 0], [1, 1, 1, 1, 1, 1, 1, 0]
[1, 0, 0, 0, 0, 0, 1, 0], [1, 1, 1, 1, 1, 1, 1, 0], [1, 0, 0, 0, 0, 0, 1, 0]
[0, 0, 0, 0, 0, 1, 0, 0], [0, 0, 0, 0, 0, 0, 1, 0], [0, 0, 0, 0, 0, 0, 1, 0], [0, 0, 0, 0, 0, 0, 1, 0], [1, 1, 1, 1, 1, 1, 0, 0]
[1, 1, 1, 1, 1, 1, 1, 0], [0, 0, 1, 0, 0, 0, 0, 0], [0, 0, 1, 0, 0, 0, 0, 0], [0, 1, 0, 1, 0, 0, 0, 0], [1, 0, 0, 0, 1, 1, 1, 0]
[1, 1, 1, 1, 1, 1, 1, 0], [0, 0, 0, 0, 0, 0, 1, 0], [0, 0, 0, 0, 0, 0, 1, 0], [0, 0, 0, 0, 0, 0, 1, 0], [0, 0, 0, 0, 0, 0, 1, 0]
[1, 1, 1, 1, 1, 1, 1, 0], [0, 1, 0, 0, 0, 0, 0, 0], [0, 0, 1, 0, 0, 0, 0, 0], [0, 1, 0, 0, 0, 0, 0, 0], [1, 1, 1, 1, 1, 1, 1, 0]
[1, 1, 1, 1, 1, 1, 1, 0], [0, 1, 0, 0, 0, 0, 0, 0], [0, 0, 1, 0, 0, 0, 0, 0], [0, 0, 0, 1, 0, 0, 0, 0], [1, 1, 1, 1, 1, 1, 1, 0]
[0, 1, 1, 1, 1, 1, 0, 0], [1, 0, 0, 0, 0, 0, 1, 0], [1, 0, 0, 0, 0, 0, 1, 0], [1, 0, 0, 0, 0, 0, 1, 0], [0, 1, 1, 1, 1, 1, 0, 0]
[1, 1, 1, 1, 1, 1, 1, 0], [1, 0, 1, 0, 0, 0, 0, 0], [1, 0, 1, 0, 0, 0, 0, 0], [1, 0, 1, 0, 0, 0, 0, 0], [0, 1, 0, 0, 0, 0, 0, 0]
[0, 1, 1, 1, 1, 1, 0, 0], [1, 0, 0, 0, 0, 0, 1, 0], [1, 0, 0, 0, 0, 0, 1, 0], [1, 0, 0, 0, 0, 1, 0, 0], [0, 1, 1, 1, 1, 0, 1, 0]
[1, 1, 1, 1, 1, 1, 1, 0], [1, 0, 1, 0, 0, 0, 0, 0], [1, 0, 1, 0, 0, 0, 0, 0], [1, 0, 1, 0, 0, 0, 0, 0], [0, 1, 0, 1, 1, 1, 1, 0]
[0, 1, 0, 0, 0, 1, 0, 0], [1, 0, 1, 0, 0, 0, 1, 0], [1, 0, 1, 0, 0, 0, 1, 0], [1, 0, 1, 0, 0, 0, 1, 0], [1, 0, 0, 1, 1, 1, 0, 0]
[1, 0, 0, 0, 0, 0, 0, 0], [1, 0, 0, 0, 0, 0, 0, 0], [1, 1, 1, 1, 1, 1, 1, 0], [1, 0, 0, 0, 0, 0, 0, 0], [1, 0, 0, 0, 0, 0, 0, 0]
[1, 1, 1, 1, 1, 1, 0, 0], [0, 0, 0, 0, 0, 0, 1, 0], [0, 0, 0, 0, 0, 0, 1, 0], [0, 0, 0, 0, 0, 0, 1, 0], [1, 1, 1, 1, 1, 1, 0, 0]
[1, 1, 1, 1, 0, 0, 0, 0], [0, 0, 0, 0, 1, 1, 0, 0], [0, 0, 0, 0, 0, 0, 1, 0], [0, 0, 0, 0, 1, 1, 0, 0], [1, 1, 1, 1, 0, 0, 0, 0]
[1, 1, 1, 1, 1, 1, 1, 0], [0, 0, 0, 0, 0, 1, 0, 0], [0, 0, 0, 0, 1, 0, 0, 0], [0, 0, 0, 0, 0, 1, 0, 0], [1, 1, 1, 1, 1, 1, 1, 0]
[1, 0, 0, 0, 1, 1, 1, 0], [0, 1, 0, 1, 0, 0, 0, 0], [0, 0, 1, 0, 0, 0, 0, 0], [0, 1, 0, 1, 0, 0, 0, 0], [1, 0, 0, 0, 1, 1, 1, 0]
[1, 0, 0, 0, 0, 0, 0, 0], [0, 1, 0, 0, 0, 0, 0, 0], [0, 0, 1, 1, 1, 1, 1, 0], [0, 1, 0, 0, 0, 0, 0, 0], [1, 0, 0, 0, 0, 0, 0, 0]
[1, 0, 0, 0, 0, 1, 1, 0], [1, 0, 0, 0, 1, 0, 1, 0], [1, 0, 0, 1, 0, 0, 1, 0], [1, 0, 1, 0, 0, 0, 1, 0], [1, 1, 0, 0, 0, 0, 1, 0]
[0, 0, 0, 0, 0, 0, 1, 0], [0, 1, 0, 0, 0, 0, 1, 0], [1, 1, 1, 1, 1, 1, 1, 0], [0, 0, 0, 0, 0, 0, 1, 0], [0, 0, 0, 0, 0, 0, 1, 0]
[0, 1, 0, 0, 0, 1, 1, 0], [1, 0, 0, 0, 1, 0, 1, 0], [1, 0, 0, 1, 0, 0, 1, 0], [1, 0, 0, 1, 0, 0, 1, 0], [0, 1, 1, 0, 0, 1, 1, 0]
[0, 1, 0, 0, 0, 1, 0, 0], [1, 0, 0, 0, 0, 0, 1, 0], [1, 0, 0, 1, 0, 0, 1, 0], [1, 0, 0, 1, 0, 0, 1, 0], [0, 1, 1, 0, 1, 1, 0, 0]
[0, 0, 0, 1, 1, 0, 0, 0], [0, 0, 1, 0, 1, 0, 0, 0], [0, 1, 0, 0, 1, 0, 0, 0], [1, 0, 0, 0, 1, 0, 0, 0], [1, 1, 1, 1, 1, 1, 1, 0]
[1, 1, 1, 0, 0, 1, 0, 0], [1, 0, 1, 0, 0, 0, 1, 0], [1, 0, 1, 0, 0, 0, 1, 0], [1, 0, 1, 0, 0, 0, 1, 0], [1, 0, 0, 1, 1, 1, 0, 0]
[0, 0, 1, 1, 1, 1, 0, 0], [0, 1, 0, 1, 0, 0, 1, 0], [1, 0, 0, 1, 0, 0, 1, 0], [1, 0, 0, 1, 0, 0, 1, 0], [0, 0, 0, 0, 1, 1, 0, 0]
[1, 1, 0, 0, 0, 0, 0, 0], [1, 0, 0, 0, 0, 0, 0, 0], [1, 0, 0, 0, 1, 1, 1, 0], [1, 0, 0, 1, 0, 0, 0, 0], [1, 1, 1, 0, 0, 0, 0, 0]
[0, 1, 1, 0, 1, 1, 0, 0], [1, 0, 0, 1, 0, 0, 1, 0], [1, 0, 0, 1, 0, 0, 1, 0], [1, 0, 0, 1, 0, 0, 1, 0], [0, 1, 1, 0, 1, 1, 0, 0]
[0, 1, 1, 0, 0, 0, 0, 0], [1, 0, 0, 1, 0, 0, 1, 0], [1, 0, 0, 1, 0, 0, 1, 0], [1, 0, 0, 1, 0, 1, 0, 0], [0, 1, 1, 1, 1, 0, 0, 0]
[0, 1, 1, 1, 1, 1, 0, 0], [1, 0, 0, 0, 1, 0, 1, 0], [1, 0, 0, 1, 0, 0, 1, 0], [1, 0, 1, 0, 0, 0, 1, 0], [0, 1, 1, 1, 1, 1, 0, 0]
[0, 0, 0, 0, 0, 0, 0, 1], [0, 0, 0, 0, 0, 0, 0, 1], [0, 0, 0, 0, 0, 0, 0, 1], [0, 0, 0, 0, 0, 0, 0, 1], [0, 0, 0, 0, 0, 0, 0, 1]

# Get array from file
char_code = []
file = open("/Users/edwardstump/Desktop/Programming/hypixelProject/array.txt", "r")
for line in file:
    temp_line = line.split(sep="], [")
    temp_list = []
    for unit in temp_line:
        # print(unit)
        temp_list.append(unit.split(sep=", "))
    char_code.append(temp_list)
print(char_code)